Transcription Factor,Position,Pattern,Direction
TATA-box,1062,TATAAA,forward
TATA-box,79,TTTATA,reverse
TATA-box,1338,TTTATA,reverse
TATA-box,1466,TTTATA,reverse
TATA-box,1508,ATTATA,reverse
TATA-box,1340,TATAAC,forward
CAAT-box,2490,CCAAT,forward
CAAT-box,232,ATTGG,reverse
CAAT-box,1911,ATTGG,reverse
CAAT-box,232,ATTGG,forward
CAAT-box,1911,ATTGG,forward
CAAT-box,2490,CCAAT,reverse
GC-box,1881,GGGCGG,forward
GC-box,1931,GGGCGG,forward
GC-box,1953,GGGCGG,forward
GC-box,2233,GGGCGG,forward
GC-box,2333,GGGCGG,forward
GC-box,1983,CCGCCC,reverse
GC-box,1983,CCGCCC,forward
GC-box,1881,GGGCGG,reverse
GC-box,1931,GGGCGG,reverse
GC-box,1953,GGGCGG,reverse
GC-box,2233,GGGCGG,reverse
GC-box,2333,GGGCGG,reverse
E-box,336,CACTTG,forward
E-box,437,CAAATG,forward
E-box,588,CAAGTG,forward
E-box,715,CATTTG,forward
E-box,1071,CACTTG,forward
E-box,1266,CAGTTG,forward
E-box,336,CACTTG,reverse
E-box,437,CAAATG,reverse
E-box,588,CAAGTG,reverse
E-box,715,CATTTG,reverse
E-box,1071,CACTTG,reverse
E-box,1266,CAGTTG,reverse
E-box,1266,CAGTTG,reverse
E-box,588,CAAGTG,forward
E-box,336,CACTTG,reverse
E-box,1071,CACTTG,reverse
E-box,437,CAAATG,forward
E-box,715,CATTTG,reverse
SP1,1881,GGGCGG,forward
SP1,1931,GGGCGG,forward
SP1,1953,GGGCGG,forward
SP1,2233,GGGCGG,forward
SP1,2333,GGGCGG,forward
SP1,1983,CCGCCC,reverse
SP1,1983,CCGCCC,forward
SP1,1881,GGGCGG,reverse
SP1,1931,GGGCGG,reverse
SP1,1953,GGGCGG,reverse
SP1,2233,GGGCGG,reverse
SP1,2333,GGGCGG,reverse
GATA,416,AGATAA,forward
GATA,905,AGATAA,forward
GATA,947,TGATAG,forward
GATA,1424,AGATAG,forward
GATA,2328,AGATAG,forward
GATA,207,CTATCT,reverse
GATA,286,TTATCA,reverse
GATA,629,TTATCT,reverse
GATA,888,TTATCT,reverse
GATA,1444,TTATCT,reverse
GATA,417,GATA,forward
GATA,906,GATA,forward
GATA,948,GATA,forward
GATA,1425,GATA,forward
GATA,1462,GATA,forward
GATA,2329,GATA,forward
GATA,208,TATC,reverse
GATA,259,TATC,reverse
GATA,287,TATC,reverse
GATA,301,TATC,reverse
GATA,630,TATC,reverse
GATA,792,TATC,reverse
GATA,882,TATC,reverse
GATA,889,TATC,reverse
GATA,1445,TATC,reverse
GATA,1593,TATC,reverse
GATA,417,GATAA,forward
GATA,906,GATAA,forward
GATA,286,TTATC,reverse
GATA,629,TTATC,reverse
GATA,888,TTATC,reverse
GATA,1444,TTATC,reverse
GATA,1592,TTATC,reverse
GATA,948,GATAG,forward
GATA,1425,GATAG,forward
GATA,2329,GATAG,forward
GATA,207,CTATC,reverse
HRE,1919,GCGTG,forward
HRE,1750,CACGC,reverse
HRE,2278,CACGT,reverse
NFAT,216,GGAAA,forward
NFAT,412,GGAAA,forward
NFAT,1406,GGAAA,forward
NFAT,1564,GGAAA,forward
NFAT,1577,GGAAA,forward
NFAT,387,TTTCC,reverse
NFAT,1077,TTTCC,reverse
NFAT,1295,TTTCC,reverse
NFAT,387,TTTCC,forward
NFAT,1077,TTTCC,forward
NFAT,1295,TTTCC,forward
NFAT,216,GGAAA,reverse
NFAT,412,GGAAA,reverse
NFAT,1406,GGAAA,reverse
NFAT,1564,GGAAA,reverse
NFAT,1577,GGAAA,reverse
ETS,63,GGAA,forward
ETS,96,GGAA,forward
ETS,216,GGAA,forward
ETS,223,GGAA,forward
ETS,412,GGAA,forward
ETS,766,GGAA,forward
ETS,1171,GGAA,forward
ETS,1366,GGAA,forward
ETS,1406,GGAA,forward
ETS,1564,GGAA,forward
ETS,1569,GGAA,forward
ETS,1577,GGAA,forward
ETS,1809,GGAA,forward
ETS,2381,GGAA,forward
ETS,240,TTCC,reverse
ETS,388,TTCC,reverse
ETS,485,TTCC,reverse
ETS,1068,TTCC,reverse
ETS,1078,TTCC,reverse
ETS,1093,TTCC,reverse
ETS,1296,TTCC,reverse
ETS,1304,TTCC,reverse
ETS,1700,TTCC,reverse
ETS,1738,TTCC,reverse
ETS,1780,TTCC,reverse
ETS,1860,TTCC,reverse
ETS,240,TTCC,forward
ETS,388,TTCC,forward
ETS,485,TTCC,forward
ETS,1068,TTCC,forward
ETS,1078,TTCC,forward
ETS,1093,TTCC,forward
ETS,1296,TTCC,forward
ETS,1304,TTCC,forward
ETS,1700,TTCC,forward
ETS,1738,TTCC,forward
ETS,1780,TTCC,forward
ETS,1860,TTCC,forward
ETS,63,GGAA,reverse
ETS,96,GGAA,reverse
ETS,216,GGAA,reverse
ETS,223,GGAA,reverse
ETS,412,GGAA,reverse
ETS,766,GGAA,reverse
ETS,1171,GGAA,reverse
ETS,1366,GGAA,reverse
ETS,1406,GGAA,reverse
ETS,1564,GGAA,reverse
ETS,1569,GGAA,reverse
ETS,1577,GGAA,reverse
ETS,1809,GGAA,reverse
ETS,2381,GGAA,reverse
IRF,45,GAAATT,forward
IRF,203,GAAACT,forward
IRF,217,GAAAAA,forward
IRF,264,GAAATA,forward
IRF,406,GAAAAT,forward
IRF,413,GAAAGA,forward
IRF,493,GAAATA,forward
IRF,1014,GAAACT,forward
IRF,1134,GAAAAC,forward
IRF,1213,GAAATA,forward
IRF,1327,GAAATT,forward
IRF,1375,GAAATT,forward
IRF,1407,GAAAAA,forward
IRF,1565,GAAAGG,forward
IRF,1578,GAAATT,forward
IRF,1938,GAAATG,forward
IRF,2315,GAAAAC,forward
IRF,2438,GAAAAT,forward
IRF,2482,GAAAGT,forward
IRF,165,TTTTTC,reverse
IRF,249,AATTTC,reverse
IRF,268,TATTTC,reverse
IRF,331,GTTTTC,reverse
IRF,385,CTTTTC,reverse
IRF,536,TTTTTC,reverse
IRF,781,CTTTTC,reverse
IRF,977,GTTTTC,reverse
IRF,1021,ATTTTC,reverse
IRF,1075,TGTTTC,reverse
IRF,1177,TGTTTC,reverse
IRF,1272,TTTTTC,reverse
IRF,1293,ATTTTC,reverse
IRF,1314,GATTTC,reverse
IRF,1580,AATTTC,reverse
IRF,1831,TTTTTC,reverse
IRF,40,AACAAGAAA,forward
IRF,198,AATTTGAAA,forward
IRF,408,AAATGGAAA,forward
IRF,1274,TTTCTCCTT,reverse
IRF,39,GAACAAGAAA,forward
IRF,197,TAATTTGAAA,forward
IRF,407,AAAATGGAAA,forward
IRF,1274,TTTCTCCTTT,reverse
CREB,1942,TGACG,forward
CREB,998,CGTCA,reverse
CREB,1846,CGTCA,reverse
CREB,998,CGTCA,forward
CREB,1846,CGTCA,forward
CREB,1942,TGACG,reverse
YY1,922,CCATTTT,forward
YY1,407,AAAATGG,reverse
YY1,414,AAAGAT,forward
YY1,532,ATCATT,reverse
YY1,883,ATCATT,reverse
AP-2,1927,GCCAGGGC,forward
AP-2,2032,GCCGCGGC,forward
AP-2,1927,GCCAGGGC,reverse
AP-2,2032,GCCGCGGC,reverse
HSF,38,AGAAC,forward
HSF,44,AGAAA,forward
HSF,145,AGAAT,forward
HSF,405,AGAAA,forward
HSF,492,AGAAA,forward
HSF,520,AGAAC,forward
HSF,874,AGAAC,forward
HSF,1087,AGAAT,forward
HSF,1195,AGAAT,forward
HSF,1212,AGAAA,forward
HSF,1374,AGAAA,forward
HSF,1572,AGAAG,forward
HSF,1605,AGAAC,forward
HSF,1631,AGAAT,forward
HSF,1791,AGAAT,forward
HSF,2437,AGAAA,forward
HSF,123,GTTCT,reverse
HSF,167,TTTCT,reverse
HSF,270,TTTCT,reverse
HSF,424,ATTCT,reverse
HSF,515,CTTCT,reverse
HSF,547,CTTCT,reverse
HSF,783,TTTCT,reverse
HSF,814,CTTCT,reverse
HSF,1003,CTTCT,reverse
HSF,1040,GTTCT,reverse
HSF,1179,TTTCT,reverse
HSF,1247,GTTCT,reverse
HSF,1274,TTTCT,reverse
HSF,1330,ATTCT,reverse
HSF,1528,ATTCT,reverse
HSF,1661,GTTCT,reverse
HSF,123,GTTCT,forward
HSF,167,TTTCT,forward
HSF,270,TTTCT,forward
HSF,424,ATTCT,forward
HSF,515,CTTCT,forward
HSF,547,CTTCT,forward
HSF,783,TTTCT,forward
HSF,814,CTTCT,forward
HSF,1003,CTTCT,forward
HSF,1040,GTTCT,forward
HSF,1179,TTTCT,forward
HSF,1247,GTTCT,forward
HSF,1274,TTTCT,forward
HSF,1330,ATTCT,forward
HSF,1528,ATTCT,forward
HSF,1661,GTTCT,forward
HSF,38,AGAAC,reverse
HSF,44,AGAAA,reverse
HSF,145,AGAAT,reverse
HSF,405,AGAAA,reverse
HSF,492,AGAAA,reverse
HSF,520,AGAAC,reverse
HSF,874,AGAAC,reverse
HSF,1087,AGAAT,reverse
HSF,1195,AGAAT,reverse
HSF,1212,AGAAA,reverse
HSF,1374,AGAAA,reverse
HSF,1572,AGAAG,reverse
HSF,1605,AGAAC,reverse
HSF,1631,AGAAT,reverse
HSF,1791,AGAAT,reverse
HSF,2437,AGAAA,reverse
